0 91628.1
1 86355.9
2 85522.7
3 83532.7
4 82588.7
5 81726.8
6 82191.7
7 79821.3
8 79354.7
9 79887.6
10 77737.9
11 77078.1
12 76667.7
13 74997.2
14 74096.4
15 76408.4
16 74594.9
17 72052.6
18 71948.5
19 70577.7
20 71756.9
21 68978.5
22 73386.7
23 69986.3
24 71238.7
25 67311.1
26 66339.1
27 67165.8
28 66915.6
29 65111.8
30 67773.6
31 64502.5
32 63900.3
33 65154.7
34 64851.5
35 63072.3
36 62751.4
37 63688.2
38 62093.6
39 61785.8
40 61587.3
41 61411.5
42 61297.4
43 61206.3
44 60977.0
45 60395.0
46 60178.4
47 59992.3
48 59899.4
49 60087.1
50 59357.2
51 58952.3
52 60786.2
53 59320.2
54 58218.0
55 58233.0
56 58675.5
57 57952.6
58 58080.1
59 57940.8
60 58196.4
61 57620.6
62 58040.8
63 56970.3
64 59145.2
65 57519.7
66 56550.9
67 56664.9
68 56179.3
69 56393.6
70 57650.0
71 56547.8
72 55844.5
73 56053.8
74 56028.9
75 56606.4
76 54978.4
77 55554.3
78 55340.0
79 54891.8
80 54867.1
81 54947.9
82 55351.3
83 54481.7
84 54365.0
85 54307.2
86 54724.7
87 53813.5
88 54005.7
89 54234.0
90 54435.6
91 54000.6
92 53660.4
93 54290.7
94 53237.8
95 53449.1
96 53095.7
97 53409.0
98 53116.6
99 52930.3
100 53120.5
101 52799.2
102 52321.8
103 52277.7
104 52589.8
105 52197.3
106 52400.2
107 54204.1
108 52792.3
109 52086.4
110 52411.4
111 51835.1
112 51680.4
113 51838.3
114 52303.9
115 52588.5
116 52377.5
117 51782.2
118 51130.8
119 51122.2
120 51165.0
121 51030.0
122 51050.5
123 51399.5
124 51448.4
125 51219.1
126 50833.4
127 51833.5
128 50960.0
129 50694.1
130 50537.7
131 50390.8
132 50354.4
133 50416.8
134 50567.7
135 50372.3
136 51269.7
137 50212.4
138 50198.0
139 50112.5
140 49814.6
141 49699.5
142 49863.1
143 50223.7
144 49921.7
145 50063.8
146 49517.2
147 49815.4
148 49535.4
149 49402.9
150 49952.3
151 50361.0
152 49519.0
153 49283.0
154 49467.0
155 49048.4
156 49414.4
157 49280.1
158 49329.7
159 49377.6
160 49274.1
161 48884.7
162 49003.5
163 49519.3
164 48718.9
165 48674.6
166 48767.9
167 49760.0
168 49520.0
169 49132.0
170 48711.7
171 48782.4
172 48748.7
173 48482.8
174 48570.4
175 48226.6
176 48232.7
177 48456.4
178 48286.9
179 48610.3
180 48324.9
181 48385.6
182 48696.6
183 48175.8
184 49048.9
185 48361.0
186 48803.5
187 47873.3
188 47825.9
189 48256.3
190 47969.4
191 47724.3
192 47965.0
193 48420.5
194 47883.6
195 47734.3
196 47696.2
197 47735.2
198 47677.1
199 47675.9
200 47419.9
201 47654.2
202 47586.9
203 47416.9
204 47380.1
205 47393.2
206 47525.8
207 47630.7
208 47458.5
209 47947.2
210 47489.0
211 47266.9
212 47362.3
213 47142.9
214 47083.0
215 47119.2
216 46968.9
217 47103.3
218 47038.1
219 47182.3
220 46916.0
221 47143.6
222 47209.6
223 46988.3
224 47009.7
225 47264.9
226 46985.6
227 46975.2
228 46881.2
229 46662.7
230 46648.4
231 46781.6
232 47015.8
233 46918.1
234 46638.5
235 46461.5
236 46662.9
237 46904.2
238 46500.7
239 46592.8
240 46558.1
241 46364.1
242 46708.9
243 46992.1
244 47407.1
245 46881.0
246 46522.2
247 46131.4
248 46305.4
249 46348.2